0;2
4;                                      552
48;     3;     2;     8,    16;   244,   476
93;                                      414
138;     4;     1;     0,    18;     0,   534
184;     4;     1;     6,     0;   186,     0
230;     4;     2;     4,    20;   128,   592
276;     4;     1;    10,     0;   302,     0
322;     4;     1;    12,     0;   360,     0
368;     4;     1;    14,     0;   418,     0
414;                                      460
460;                                        0
506;     1;     1;     0,    23;     0,  1233
552;                                      598
598;                                      644
644;                                      690
690;                                       93
