0;10
5;                                                                                                                                                        0
161;     4;     6;   336,     0,   256,   176,    96,     0,     0,     0,    16,     0;  5640,     0,  6600,  7560,  8520,     0,     0,     0,  9480,     0
319;     5;     5;     0,     1,   321,     0,     0,     0,    65,   161,   385,     0;     0,  9660,  5820,     0,     0,     0,   843,  7740,  4680,     0
477;     4;     5;   386,     0,     0,   306,   226,     0,     0,   146,    66,     0;  5040,     0,     0,  6000,  6960,     0,     0,  7920,  8880,     0
635;     4;     9;   371,    35,   275,   291,   211,   115,   355,   131,    51,     0;  5220,   489,  3360,  6180,  7140,  1440,  4320,  8100,  9060,     0
793;     4;     5;     0,     0,   356,   276,     0,   196,     0,   116,     0,    36;     0,     0,  5400,  6360,     0,  7320,     0,  8280,     0,  9240
951;     4;     9;     5,   341,   261,     0,    85,   181,   245,   101,   325,    21;   135,  5580,  6540,     0,  1080,  7500,  3000,  8460,  3960,  9420
1109;     4;     5;   326,     0,   246,     0,   166,     0,    86,     0,     6,     0;  5760,     0,  6720,     0,  7680,     0,  8640,     0,  9600,     0
1268;     4;     8;   391,    55,   311,     0,   231,   215,   151,   295,    71,     0;  4980,   725,  5940,     0,  6900,  2640,  7860,  3600,  8820,     0
1427;     4;     8;     0,    25,   265,     0,   185,   361,   281,   201,   121,    41;     0,   371,  3240,     0,  2280,  5340,  6300,  7260,  8220,  9180
1586;     4;     5;     0,     0,     0,     0,     0,   396,   316,   236,   156,    76;     0,     0,     0,     0,     0,  4920,  5880,  6840,  7800,  8760
1745;     4;     8;     0,    95,   175,     0,   335,   351,   271,   191,   111,    31;     0,  1200,  2160,     0,  4080,  5460,  6420,  7380,  8340,  9300
1904;     4;     5;     0,     0,     0,     0,     0,   346,   266,   186,   106,    26;     0,     0,     0,     0,     0,  5520,  6480,  7440,  8400,  9360
2063;     4;     8;   125,     0,   205,     0,   365,   381,   301,   221,   141,    61;  1560,     0,  2520,     0,  4440,  5100,  6060,  7020,  7980,  8940
2222;     4;     5;     0,     0,     0,     0,     0,   376,   296,   216,   136,    56;     0,     0,     0,     0,     0,  5160,  6120,  7080,  8040,  9000
2381;     4;     8;   235,     0,     0,   155,   395,   331,   251,   171,    91,    11;  2880,     0,     0,  1920,  4800,  5700,  6660,  7620,  8580,  9540
2540;     4;     5;     0,     0,     0,     0,     0,   366,   286,   206,   126,    46;     0,     0,     0,     0,     0,  5280,  6240,  7200,  8160,  9120
2699;     5;     5;   401,   241,   305,   145,    81,     0,     0,     0,     0,     0;  4860,  6780,  3720,  1800,  8700,     0,     0,     0,     0,     0
