0;6
4;                                                                                             1743
104;     5;     2;     0,     0,     0,     0,     0,     0;     0,  3680,     0,     0,     0,     0
206;                                                                                             1125
308;                                                                                              206
410;                                                                                             1949
512;                                                                                              308
614;     4;     1;     0,     0,     0,     0,     0,    20;     0,     0,     0,     0,     0,  4688
716;     2;     1;     0,     0,     0,     0,     0,    63;     0,     0,     0,     0,     0,  4496
818;     4;     1;     0,     0,     0,     0,    86,     0;     0,     0,     0,     0,  4256,     0
920;                                                                                              410
1022;     4;     2;     0,     0,     0,     0,    88,    56;     0,     0,     0,     0,  4352,  4448
1125;                                                                                             1537
1228;     3;     1;     0,     0,     0,     0,     0,    10;     0,     0,     0,     0,     0,  4544
1331;                                                                                                0
1434;     4;     2;     0,     0,     0,     0,    60,    12;     0,     0,     0,     0,  4592,  4640
1537;                                                                                              920
1640;     4;     1;     0,     0,     0,     0,     0,    78;     0,     0,     0,     0,     0,  4400
1743;                                                                                              512
1846;     5;     1;     0,     0,    48,     0,     0,     0;     0,     0,  4736,     0,     0,     0
1949;                                                                                             1331
2052;     2;     1;     0,     0,    17,     0,     0,     0;     0,     0,  4304,     0,     0,     0
